1, 2
4, 5
3, 4
3, 5
7, 8
6, 7
6, 8
10, 11
9, 10
9, 11
14, 12
13, 14
13, 12
15, 16
18, 19
17, 18
17, 19
21, 22
20, 21
20, 22
24, 25
23, 24
23, 25
28, 26
27, 28
27, 26
29, 30
33, 31
32, 33
32, 31
34, 35
38, 36
38, 39
37, 38
37, 36
37, 39
40, 41
43, 44
42, 43
42, 44
46, 47
45, 46
45, 47
48, 49
50, 51
54, 52
53, 54
53, 52
55, 56
60, 57
58, 59
62, 63
61, 62
61, 63
65, 66
64, 65
64, 66
69, 67
68, 69
68, 67
70, 71
72, 73
75, 76
74, 75
74, 76
79, 77
78, 79
78, 77
81, 80
83, 84
82, 83
82, 84
87, 85
86, 87
86, 85
88, 89
90, 91
94, 92
93, 94
93, 92
96, 97
95, 96
95, 97
99, 100
98, 99
98, 100
102, 103
101, 102
101, 103
105, 106
104, 105
104, 106
108, 109
107, 108
107, 109
111, 110
112, 111
112, 110
114, 115
113, 114
113, 115
117, 118
116, 117
116, 118
120, 119
122, 121
124, 125
123, 124
123, 125
128, 126
127, 128
127, 126
130, 131
129, 130
129, 131
133, 134
132, 133
132, 134
136, 137
135, 136
135, 137
139, 140
138, 139
138, 140
142, 143
141, 142
141, 143
146, 144
145, 146
145, 144
148, 147
150, 149
152, 153
151, 152
151, 153
155, 156
154, 155
154, 156
157, 159
158, 157
158, 159
161, 162
160, 161
160, 162
164, 165
163, 164
163, 165
167, 168
166, 167
166, 168
171, 169
170, 171
170, 169
174, 172
173, 174
173, 172
176, 177
175, 176
175, 177
179, 180
178, 179
178, 180
182, 181
185, 183
184, 185
184, 183
187, 186
190, 188
189, 190
192, 193
191, 192
191, 193
194, 195
197, 198
196, 197
196, 198
200, 201
199, 200
199, 201
203, 202
205, 204
208, 206
207, 208
207, 206
209, 210
211, 212
214, 215
213, 214
213, 215
217, 218
216, 217
216, 218
220, 221
219, 220
219, 221
223, 224
222, 223
222, 224
226, 227
225, 226
225, 227
229, 228
231, 230
233, 232
234, 235
237, 238
236, 237
236, 238
240, 241
239, 240
239, 241
242, 243
244, 242
246, 247
245, 246
245, 247
249, 250
248, 249
248, 250
251, 252
254, 255
253, 254
253, 255
256, 257
259, 258
260, 259
260, 258
262, 263
261, 262
261, 263
265, 266
264, 265
264, 266
269, 267
268, 269
268, 267
271, 272
270, 271
270, 272
274, 273
275, 276
278, 279
277, 278
277, 279
282, 280
281, 282
281, 280
284, 285
283, 284
283, 285
288, 286
287, 288
287, 286
290, 291
289, 290
289, 291
293, 292
295, 296
294, 295
294, 296
298, 299
297, 298
297, 299
300, 301
302, 303
305, 306
304, 305
304, 306
308, 307
310, 309
312, 311
313, 312
313, 311
315, 316
314, 315
314, 316
318, 317
320, 321
319, 320
319, 321
324, 322
323, 324
323, 322
326, 327
325, 326
325, 327
328, 329
331, 332
330, 331
330, 332
333, 334
336, 335
339, 337
338, 339
338, 337
341, 342
340, 341
340, 342
344, 345
343, 344
343, 345
347, 348
346, 347
346, 348
350, 351
349, 350
349, 351
353, 354
352, 353
352, 354
356, 357
355, 356
355, 357
359, 358
361, 362
360, 361
360, 362
365, 363
364, 365
364, 363
367, 368
366, 367
366, 368
370, 369
371, 370
371, 369
373, 372
375, 376
374, 375
374, 376
378, 377
380, 381
379, 380
379, 381
383, 384
382, 383
382, 384
386, 385
387, 386
387, 385
389, 390
388, 389
388, 390
392, 393
391, 392
391, 393
394, 395
397, 398
396, 397
396, 398
399, 400
402, 401
404, 405
403, 404
403, 405
407, 408
406, 407
406, 408
409, 410
412, 413
411, 412
411, 413
415, 414
418, 416
417, 418
417, 416
420, 421
419, 420
419, 421
423, 424
422, 423
422, 424
426, 427
425, 426
425, 427
428, 429
430, 431
433, 434
432, 433
436, 437
435, 436
435, 437
439, 438
440, 439
440, 438
442, 443
441, 442
441, 443
445, 446
444, 445
444, 446
448, 449
447, 448
447, 449
452, 450
451, 452
451, 450
454, 455
453, 454
453, 455
457, 458
456, 457
456, 458
460, 461
459, 460
459, 461
464, 462
463, 464
463, 462
466, 467
465, 466
465, 467
469, 470
468, 469
468, 470
472, 473
471, 472
471, 473
475, 476
474, 475
474, 476
478, 477
479, 478
479, 477
482, 480
481, 482
481, 480
484, 485
483, 484
483, 485
487, 486
489, 490
488, 489
488, 490
492, 491
495, 493
494, 495
494, 493
497, 498
496, 497
496, 498
500, 501
499, 500
499, 501
503, 504
502, 503
502, 504
506, 505
508, 509
507, 508
507, 509
511, 512
510, 511
510, 512
514, 515
513, 514
513, 515
517, 516
518, 517
518, 516
520, 521
519, 520
519, 521
524, 522
523, 524
523, 522
526, 525
527, 526
527, 525
528, 529
530, 531
532, 533
535, 534
537, 536
539, 540
538, 539
538, 540
542, 541
544, 543
547, 545
546, 547
546, 545
549, 550
548, 549
548, 550
553, 551
552, 553
552, 551
556, 554
555, 556
555, 554
559, 557
558, 559
558, 557
560, 562
561, 560
561, 562
564, 563
565, 564
565, 563
567, 566
568, 569
571, 570
573, 574
572, 573
572, 574
576, 577
575, 576
575, 577
578, 579
581, 582
580, 581
580, 582
583, 584
587, 585
586, 587
586, 585
590, 588
589, 590
589, 588
592, 591
594, 595
593, 594
593, 595
597, 596
600, 598
599, 600
599, 598
602, 603
601, 602
601, 603
605, 606
604, 605
604, 606
608, 607
610, 611
609, 610
609, 611
613, 614
612, 613
612, 614
616, 617
615, 616
615, 617
619, 620
618, 619
618, 620
622, 621
625, 623
624, 625
624, 623
627, 628
626, 627
626, 628
629, 630
632, 631
634, 633
635, 634
637, 638
636, 637
636, 638
640, 639
641, 640
641, 639
644, 642
643, 644
643, 642
646, 647
645, 646
645, 647
649, 648
650, 649
650, 648
652, 653
651, 652
651, 653
655, 656
654, 655
654, 656
658, 659
657, 658
657, 659
660, 661
663, 664
662, 663
662, 664
668, 665
667, 668
666, 668
666, 665
670, 671
669, 670
669, 671
673, 674
672, 673
672, 674
676, 677
675, 676
675, 677
679, 680
678, 679
678, 680
682, 681
684, 683
686, 685
686, 687
689, 690
688, 689
688, 690
692, 691
692, 693
695, 696
694, 695
698, 699
697, 698
697, 699
701, 702
700, 701
700, 702
704, 705
703, 704
703, 705
707, 706
708, 707
708, 706
710, 711
709, 710
709, 711
713, 714
712, 713
716, 717
715, 716
715, 717
719, 720
718, 719
718, 720
722, 723
721, 722
721, 723
725, 726
724, 725
724, 726
728, 729
727, 728
727, 729
731, 732
730, 731
733, 734
736, 737
735, 736
735, 737
739, 740
738, 739
738, 740
742, 743
741, 742
741, 743
745, 746
744, 745
744, 746
748, 747
750, 751
749, 750
749, 751
753, 754
752, 753
752, 754
756, 757
755, 756
755, 757
759, 760
758, 759
758, 760
761, 763
762, 761
762, 763
765, 764
765, 766
768, 769
767, 768
767, 769
770, 771
773, 774
772, 773
772, 774
776, 777
775, 776
775, 777
779, 780
778, 779
778, 780
782, 783
781, 782
781, 783
785, 786
784, 785
784, 786
788, 789
787, 788
787, 789
791, 792
790, 791
790, 792
794, 795
793, 794
793, 795
797, 798
796, 797
796, 798
801, 799
800, 801
800, 799
803, 804
802, 803
802, 804
806, 807
805, 806
805, 807
809, 810
808, 809
808, 810
812, 813
811, 812
811, 813
815, 816
814, 815
814, 816
818, 817
820, 821
819, 820
819, 821
823, 824
822, 823
822, 824
826, 825
828, 829
827, 828
827, 829
831, 832
830, 831
830, 832
834, 835
833, 834
833, 835
837, 838
836, 837
836, 838
839, 840
842, 841
844, 843
846, 845
847, 848
849, 850
853, 851
852, 853
852, 851
855, 856
854, 855
854, 856
858, 857
860, 861
859, 860
859, 861
863, 864
862, 863
862, 864
866, 867
865, 866
865, 867
869, 870
868, 869
868, 870
872, 873
871, 872
871, 873
875, 874
876, 875
876, 874
878, 879
877, 878
877, 879
881, 882
880, 881
880, 882
884, 885
883, 884
883, 885
886, 887
889, 888
890, 891
893, 894
892, 893
896, 897
895, 896
899, 900
898, 899
898, 900
902, 903
901, 902
901, 903
905, 906
904, 905
904, 906
907, 908
910, 909
912, 913
911, 912
911, 913
915, 916
914, 915
919, 917
918, 919
918, 917
920, 921
924, 922
923, 924
923, 922
927, 925
926, 927
926, 925
929, 930
928, 929
928, 930
933, 931
932, 933
932, 931
934, 935
938, 936
937, 938
937, 936
940, 939
943, 941
942, 943
942, 941
945, 944
947, 948
946, 947
946, 948
950, 951
949, 950
949, 951
953, 954
952, 953
952, 954
956, 957
955, 956
955, 957
958, 959
960, 961
963, 964
962, 963
962, 964
965, 966
968, 969
967, 968
967, 969
971, 970
973, 974
972, 973
972, 974
975, 976
979, 977
978, 979
978, 977
981, 982
980, 981
980, 982
984, 983
986, 985
988, 987
989, 990
993, 991
992, 993
992, 991
995, 996
994, 995
994, 996
998, 999
997, 998
997, 999
1000, 1001
1002, 1003
1004, 1005
1007, 1006
1009, 1008
1010, 1011
1013, 1012
1015, 1014
1017, 1016
1018, 1019
1020, 1021
1023, 1024
1022, 1023
1022, 1024
1026, 1025
1028, 1029
1027, 1028
1027, 1029
1030, 1031
1033, 1034
1032, 1033
1032, 1034
1036, 1035
1038, 1039
1037, 1038
1037, 1039
1041, 1042
1040, 1041
1040, 1042
1044, 1043
1045, 1046
1048, 1049
1047, 1048
1047, 1049
1051, 1052
1050, 1051
1050, 1052
1053, 1054
1056, 1057
1055, 1056
1055, 1057
1059, 1060
1058, 1059
1058, 1060
1063, 1061
1062, 1063
1062, 1061
1065, 1066
1064, 1065
1064, 1066
1067, 1068
1069, 1070
1072, 1071
1073, 1074
1076, 1077
1075, 1076
1075, 1077
1078, 1079
1080, 1081
1082, 1083
1085, 1086
1084, 1085
1084, 1086
1088, 1089
1087, 1088
1087, 1089
1091, 1090
1092, 1093
1095, 1096
1094, 1095
1094, 1096
1098, 1099
1097, 1098
1097, 1099
1101, 1102
1100, 1101
1100, 1102
1103, 1104
1105, 1106
1108, 1109
1107, 1108
1107, 1109
1110, 1111
1113, 1114
1112, 1113
1112, 1114
1116, 1117
1115, 1117
1119, 1120
1118, 1119
1118, 1120
1121, 1122
1123, 1124
1126, 1127
1125, 1126
1125, 1127
1129, 1128
1131, 1132
1130, 1131
1130, 1132
1133, 1134
1136, 1135
1138, 1137
1140, 1139
1142, 1141
1143, 1142
1143, 1141
1145, 1144
1147, 1146
1148, 1147
1148, 1146
1150, 1151
1149, 1150
1149, 1151
1153, 1152
1154, 1153
1154, 1152
1156, 1155
1157, 1156
1157, 1155
1159, 1160
1158, 1159
1158, 1160
1162, 1161
1164, 1165
1163, 1164
1163, 1165
1168, 1166
1167, 1168
1167, 1166
1170, 1171
1169, 1170
1169, 1171
1173, 1172
1175, 1176
1174, 1175
1174, 1176
1178, 1179
1177, 1178
1177, 1179
1181, 1182
1180, 1181
1180, 1182
1184, 1185
1183, 1184
1183, 1185
1187, 1188
1186, 1187
1186, 1188
1190, 1191
1189, 1190
1189, 1191
1192, 1193
1195, 1194
1197, 1196
1198, 1197
1198, 1196
1200, 1201
1199, 1200
1199, 1201
1203, 1204
1202, 1203
1202, 1204
1206, 1207
1205, 1206
1205, 1207
1209, 1208
1211, 1210
1213, 1214
1212, 1213
1212, 1214
1216, 1215
1218, 1217
1219, 1220
1221, 1222
1223, 1224
1226, 1225
1228, 1227
1230, 1231
1229, 1230
1229, 1231
1233, 1234
1232, 1233
1232, 1234
1236, 1237
1235, 1236
1235, 1237
1239, 1240
1238, 1239
1238, 1240
1242, 1243
1241, 1242
1241, 1243
1245, 1244
1247, 1246
1248, 1247
1248, 1246
1250, 1251
1249, 1250
1249, 1251
1253, 1254
1252, 1253
1252, 1254
1256, 1257
1255, 1256
1260, 1258
1259, 1260
1259, 1258
1262, 1263
1261, 1262
1261, 1263
1265, 1266
1264, 1265
1264, 1266
1269, 1268
1267, 1269
1270, 1271
1273, 1274
1272, 1273
1272, 1274
1276, 1277
1275, 1276
1275, 1277
1280, 1278
1279, 1280
1279, 1278
1283, 1281
1282, 1283
1282, 1281
1285, 1286
1284, 1285
1288, 1289
1287, 1288
1292, 1290
1291, 1292
1291, 1290
1294, 1295
1293, 1294
1293, 1295
1297, 1298
1296, 1297
1296, 1298
1300, 1301
1299, 1300
1299, 1301
1303, 1304
1302, 1303
1302, 1304
1306, 1307
1305, 1306
1305, 1307
1309, 1308
1311, 1312
1310, 1311
1313, 1314
1316, 1315
1318, 1319
1317, 1318
1317, 1319
1321, 1322
1320, 1321
1324, 1325
1323, 1324
1323, 1325
1327, 1328
1326, 1327
1326, 1328
1330, 1329
1332, 1333
1331, 1332
1331, 1333
1334, 1335
1338, 1337
1336, 1338
1340, 1339
1342, 1343
1341, 1342
1345, 1346
1344, 1345
1349, 1348
1347, 1349
1350, 1351
1353, 1354
1352, 1353
1356, 1357
1355, 1356
1359, 1358
1361, 1362
1360, 1361
1365, 1364
1363, 1365
1367, 1368
1366, 1367
1370, 1371
1369, 1370
1373, 1374
1372, 1373
1377, 1376
1375, 1377
1379, 1380
1378, 1379
1382, 1383
1381, 1382
1385, 1386
1384, 1385
1388, 1389
1387, 1388
1391, 1392
1390, 1391
1393, 1394
1396, 1397
1395, 1396
1400, 1399
1398, 1400
1402, 1403
1401, 1402
1405, 1406
1404, 1405
1408, 1409
1407, 1408
1411, 1412
1410, 1411
1414, 1415
1413, 1414
1417, 1418
1416, 1417
1416, 1418
1420, 1421
1419, 1420
1422, 1423
1425, 1426
1424, 1425
1424, 1426
1428, 1427
1429, 1428
1429, 1427
1430, 1431
1434, 1432
1433, 1434
1433, 1432
1436, 1435
1438, 1439
1437, 1438
1441, 1442
1440, 1441
1444, 1445
1443, 1444
1447, 1446
1449, 1448
1450, 1451
1453, 1455
1452, 1453
1454, 1455
1457, 1458
1456, 1457
1460, 1461
1459, 1460
1462, 1463
1465, 1466
1464, 1465
1464, 1466
1468, 1469
1467, 1468
1471, 1472
1470, 1471
1470, 1472
1474, 1475
1473, 1474
1473, 1475
1478, 1476
1477, 1478
1477, 1476
1480, 1481
1479, 1480
1479, 1481
1483, 1484
1482, 1483
1486, 1487
1485, 1486
1489, 1490
1488, 1489
1492, 1493
1491, 1492
1496, 1495
1494, 1496
1494, 1495
1498, 1499
1497, 1498
1497, 1499
1501, 1502
1500, 1501
1504, 1505
1503, 1504
1507, 1508
1506, 1507
1510, 1511
1509, 1510
1513, 1514
1512, 1513
1512, 1514
1516, 1517
1515, 1516
1515, 1517
1519, 1520
1518, 1519
1522, 1523
1521, 1522
1521, 1523
1525, 1526
1524, 1525
1528, 1529
1527, 1528
1527, 1529
1530, 1531
1534, 1532
1533, 1534
1536, 1537
1535, 1536
1535, 1537
1539, 1538
1541, 1542
1540, 1541
1544, 1545
1543, 1544
1548, 1546
1547, 1548
1547, 1546
1550, 1551
1549, 1550
1549, 1551
1553, 1554
1552, 1553
1556, 1557
1555, 1556
1555, 1557
1559, 1560
1558, 1559
1558, 1560
1562, 1563
1561, 1562
1565, 1566
1564, 1565
1567, 1568
1569, 1570
1571, 1572
1574, 1575
1573, 1574
1573, 1575
1578, 1576
1577, 1578
1577, 1576
1580, 1579
1581, 1580
1581, 1579
1583, 1584
1582, 1583
1586, 1587
1585, 1586
1589, 1590
1588, 1589
1588, 1590
1592, 1593
1591, 1592
1591, 1593
1594, 1595
1597, 1598
1596, 1597
1596, 1598
1599, 1600
1602, 1603
1601, 1602
1605, 1606
1604, 1605
1608, 1609
1607, 1608
1612, 1610
1611, 1612
1611, 1610
1614, 1615
1613, 1614
1616, 1617
1619, 1620
1618, 1619
1618, 1620
1622, 1623
1621, 1622
1626, 1624
1625, 1626
1625, 1624
1628, 1627
1629, 1630
1632, 1633
1631, 1632
1631, 1633
1635, 1634
1637, 1638
1636, 1637
1640, 1641
1639, 1640
1643, 1644
1642, 1643
1646, 1647
1645, 1646
1649, 1650
1648, 1649
1648, 1650
1652, 1653
1651, 1652
1651, 1653
1655, 1656
1654, 1655
1654, 1656
1658, 1659
1657, 1658
1657, 1659
1660, 1661
1663, 1664
1662, 1663
1662, 1664
1665, 1666
1668, 1667
1670, 1671
1669, 1670
1669, 1671
1672, 1673
1675, 1674
1677, 1676
1679, 1678
1681, 1680
1682, 1681
1684, 1685
1683, 1684
1683, 1685
1687, 1688
1686, 1687
1686, 1688
1690, 1689
1691, 1690
1693, 1692
1696, 1694
1695, 1696
1695, 1694
1698, 1697
1699, 1698
1699, 1697
1701, 1700
1702, 1701
1704, 1703
1705, 1704
1707, 1706
1708, 1707
1708, 1706
1710, 1709
1711, 1710
1713, 1712
1714, 1713
1717, 1715
1716, 1717
1716, 1715
1719, 1718
1720, 1719
1722, 1723
1721, 1722
1721, 1723
1725, 1724
1726, 1725
1728, 1727
1730, 1731
1729, 1730
1729, 1731
1733, 1732
1734, 1733
1734, 1732
1737, 1735
1736, 1737
1736, 1735
1739, 1738
1740, 1739
1742, 1741
1743, 1742
1745, 1744
1746, 1745
1748, 1747
1749, 1748
1751, 1752
1750, 1751
1750, 1752
1754, 1753
1755, 1754
1757, 1756
1759, 1758
1760, 1759
1762, 1761
1763, 1762
1765, 1766
1764, 1765
1764, 1766
1768, 1769
1767, 1768
1767, 1769
1771, 1772
1770, 1771
1770, 1772
1774, 1775
1773, 1774
1773, 1775
1776, 1777
1779, 1778
1780, 1779
1781, 1782
1783, 1784
1786, 1785
1787, 1788
1790, 1789
1791, 1790
1794, 1792
1793, 1794
1793, 1792
1795, 1796
1797, 1798
1799, 1800
1802, 1803
1801, 1802
1801, 1803
1805, 1806
1804, 1805
1804, 1806
1808, 1809
1807, 1808
1807, 1809
1811, 1810
1813, 1812
1816, 1814
1815, 1816
1815, 1814
1818, 1817
1820, 1819
1821, 1820
1823, 1824
1822, 1823
1822, 1824
1826, 1827
1825, 1826
1825, 1827
1829, 1830
1828, 1829
1828, 1830
1832, 1831
1833, 1832
1834, 1835
1837, 1838
1836, 1837
1836, 1838
1840, 1841
1839, 1840
1839, 1841
1843, 1842
1844, 1843
1846, 1847
1845, 1846
1845, 1847
1849, 1850
1848, 1849
1848, 1850
1852, 1853
1851, 1852
1851, 1853
1855, 1856
1854, 1855
1854, 1856
1858, 1859
1857, 1858
1857, 1859
1861, 1862
1860, 1861
1860, 1862
1864, 1863
1866, 1867
1865, 1866
1865, 1867
1869, 1870
1868, 1869
1868, 1870
1872, 1871
1874, 1875
1873, 1874
1873, 1875
1877, 1878
1876, 1877
1876, 1878
1880, 1879
1882, 1883
1881, 1882
1881, 1883
1884, 1885
1887, 1888
1886, 1887
1886, 1888
1890, 1891
1889, 1891
1893, 1894
1892, 1893
1892, 1894
1896, 1897
1895, 1896
1895, 1897
1898, 1901
1898, 1900
1899, 1898
1899, 1901
1903, 1904
1902, 1903
1902, 1904
1906, 1907
1905, 1906
1905, 1907
1909, 1908
1910, 1909
1910, 1908
1912, 1913
1911, 1912
1911, 1913
1915, 1916
1914, 1915
1914, 1916
1918, 1917
1920, 1921
1919, 1920
1919, 1921
1922, 1923
1925, 1926
1924, 1925
1924, 1926
1928, 1929
1927, 1928
1927, 1929
1931, 1932
1930, 1931
1930, 1932
1934, 1935
1933, 1934
1933, 1935
1936, 1937
1939, 1940
1938, 1939
1938, 1940
1942, 1941
1945, 1943
1944, 1945
1944, 1943
1947, 1948
1946, 1947
1946, 1948
1950, 1949
1952, 1953
1951, 1952
1951, 1953
1955, 1954
1957, 1958
1956, 1957
1956, 1958
1960, 1961
1959, 1960
1959, 1961
1964, 1962
1963, 1964
1963, 1962
1967, 1965
1966, 1967
1966, 1965
1969, 1970
1968, 1969
1968, 1970
1973, 1972
1971, 1973
1971, 1972
1975, 1976
1974, 1975
1974, 1976
1977, 1978
1980, 1979
1982, 1983
1981, 1982
1981, 1983
1985, 1986
1984, 1985
1984, 1986
1988, 1989
1987, 1988
1987, 1989
1992, 1990
1991, 1992
1991, 1990
1993, 1994
1996, 1997
1995, 1996
1995, 1997
1999, 2000
1998, 1999
1998, 2000
2001, 2002
2005, 2003
2004, 2005
2004, 2003
2007, 2008
2006, 2007
2006, 2008
2010, 2009
2012, 2011
2014, 2015
2013, 2014
2013, 2015
2017, 2018
2016, 2017
2016, 2018
2021, 2019
2020, 2021
2020, 2019
2023, 2022
2025, 2024
2027, 2026
2029, 2028
2031, 2030
2033, 2032
2034, 2035
2038, 2036
2037, 2038
2037, 2036
2040, 2041
2039, 2040
2039, 2041
2043, 2044
2042, 2043
2042, 2044
2047, 2045
2046, 2047
2046, 2045
2048, 2049
2051, 2052
2050, 2051
2050, 2052
2055, 2053
2054, 2055
2054, 2053
2057, 2056
2059, 2060
2058, 2059
2058, 2060
2062, 2063
2061, 2062
2061, 2063
2066, 2064
2065, 2066
2065, 2064
2068, 2067
2069, 2068
2069, 2067
2071, 2072
2070, 2071
2070, 2072
2073, 2074
2076, 2075
2078, 2079
2077, 2078
2077, 2079
2081, 2082
2080, 2081
2080, 2082
2084, 2085
2083, 2084
2087, 2088
2086, 2087
2086, 2088
2090, 2091
2089, 2090
2089, 2091
2093, 2092
2094, 2093
2094, 2092
2095, 2096
2098, 2099
2097, 2098
2097, 2099
2101, 2102
2100, 2101
2100, 2102
2104, 2105
2103, 2104
2103, 2105
2107, 2106
2109, 2108
2110, 2109
2110, 2108
2112, 2113
2111, 2112
2111, 2113
2115, 2116
2114, 2115
2114, 2116
2117, 2118
2120, 2121
2119, 2120
2119, 2121
2123, 2122
2124, 2123
2124, 2122
2126, 2127
2125, 2126
2125, 2127
2130, 2129
2128, 2130
2128, 2129
2131, 2132
2134, 2135
2133, 2134
2133, 2135
2137, 2138
2136, 2137
2136, 2138
2140, 2141
2139, 2140
2139, 2141
2142, 2143
2145, 2146
2144, 2145
2144, 2146
2148, 2147
2150, 2151
2149, 2150
2149, 2151
2153, 2154
2152, 2153
2152, 2154
2157, 2155
2156, 2157
2156, 2155
2159, 2160
2158, 2159
2158, 2160
2162, 2161
2164, 2165
2163, 2164
2163, 2165
2167, 2166
2168, 2167
2168, 2166
2170, 2171
2169, 2170
2173, 2174
2172, 2173
2172, 2174
2177, 2175
2176, 2177
2176, 2175
2179, 2178
2181, 2182
2180, 2181
2180, 2182
2184, 2185
2183, 2184
2183, 2185
2187, 2186
2189, 2190
2188, 2189
2188, 2190
2192, 2193
2191, 2192
2191, 2193
2195, 2196
2194, 2195
2194, 2196
2198, 2199
2197, 2198
2197, 2199
2201, 2202
2200, 2201
2200, 2202
2204, 2203
2206, 2207
2205, 2206
2205, 2207
2209, 2210
2208, 2209
2208, 2210
2211, 2212
2214, 2213
2217, 2215
2216, 2217
2216, 2215
2219, 2220
2218, 2219
2218, 2220
2222, 2223
2221, 2222
2221, 2223
2224, 2225
2227, 2226
2229, 2230
2228, 2229
2228, 2230
2233, 2231
2232, 2233
2232, 2231
2235, 2236
2234, 2235
2234, 2236
2238, 2237
2241, 2239
2240, 2241
2240, 2239
2243, 2244
2242, 2243
2242, 2244
2246, 2247
2245, 2246
2245, 2247
2249, 2250
2248, 2249
2248, 2250
2251, 2252
2255, 2253
2254, 2255
2254, 2253
2257, 2256
2258, 2259
2261, 2262
2260, 2261
2260, 2262
2264, 2265
2263, 2264
2263, 2265
2267, 2268
2266, 2267
2266, 2268
2270, 2269
2272, 2273
2271, 2272
2271, 2273
2275, 2276
2274, 2275
2274, 2276
2278, 2279
2277, 2278
2277, 2279
2281, 2280
2283, 2282
2285, 2284
2287, 2286
2289, 2288
2291, 2292
2290, 2291
2290, 2292
2294, 2295
2293, 2294
2293, 2295
2297, 2298
2296, 2297
2299, 2300
2302, 2301
2303, 2304
2306, 2307
2305, 2306
2305, 2307
2309, 2308
2311, 2310
2313, 2314
2312, 2313
2312, 2314
2316, 2317
2315, 2316
2315, 2317
2319, 2318
2321, 2320
2323, 2324
2322, 2323
2322, 2324
2326, 2327
2325, 2326
2325, 2327
2329, 2330
2328, 2329
2328, 2330
2332, 2333
2331, 2332
2331, 2333
2335, 2336
2334, 2335
2334, 2336
2338, 2339
2337, 2338
2337, 2339
2341, 2340
2343, 2344
2342, 2343
2342, 2344
2345, 2346
2347, 2349
2348, 2347
2348, 2349
2351, 2350
2353, 2352
2355, 2354
2356, 2357
2359, 2358
2362, 2361
2360, 2362
2360, 2361
2364, 2363
2366, 2367
2365, 2366
2365, 2367
2370, 2368
2369, 2370
2369, 2368
2372, 2373
2371, 2372
2371, 2373
2375, 2376
2374, 2375
2374, 2376
2377, 2378
2380, 2379
2382, 2383
2381, 2382
2381, 2383
2385, 2386
2384, 2385
2384, 2386
2387, 2388
2389, 2390
2392, 2391
2394, 2393
2395, 2394
2395, 2393
2397, 2398
2396, 2397
2396, 2398
2400, 2401
2399, 2400
2399, 2401
2404, 2402
2403, 2404
2403, 2402
2406, 2407
2405, 2406
2405, 2407
2409, 2410
2408, 2409
2408, 2410
2412, 2411
2413, 2412
2413, 2411
2415, 2416
2414, 2415
2414, 2416
2418, 2419
2417, 2418
2417, 2419
2421, 2422
2420, 2421
2420, 2422
2424, 2425
2423, 2424
2423, 2425
2426, 2427
2429, 2430
2428, 2429
2428, 2430
2432, 2433
2431, 2432
2431, 2433
2436, 2434
2435, 2436
2435, 2434
2437, 2439
2438, 2437
2438, 2439
2441, 2440
2443, 2442
2445, 2444
2447, 2446
2449, 2448
2451, 2450
2453, 2452
2455, 2454
2457, 2456
2459, 2458
2461, 2460
2463, 2462
2465, 2466
2464, 2465
2464, 2466
2469, 2467
2468, 2469
2468, 2467
2471, 2472
2470, 2471
2470, 2472
2475, 2473
2474, 2475
2474, 2473
2477, 2478
2476, 2477
2476, 2478
2480, 2481
2479, 2480
2479, 2481
2483, 2482
2484, 2483
2484, 2482
2486, 2485
2488, 2489
2487, 2488
2487, 2489
2491, 2490
2493, 2494
2492, 2493
2492, 2494
2496, 2495
2499, 2497
2498, 2499
2498, 2497
2500, 2501
2503, 2504
2502, 2503
2502, 2504
2506, 2507
2505, 2506
2505, 2507
2509, 2508
2511, 2510
2513, 2512
2515, 2514
2517, 2518
2516, 2517
2516, 2518
2520, 2519
2521, 2520
2521, 2519
2523, 2522
2524, 2523
2524, 2522
2525, 2526
2528, 2527
2529, 2531
2530, 2529
2530, 2531
2532, 2533
2535, 2536
2534, 2535
2534, 2536
2539, 2537
2538, 2539
2538, 2537
2541, 2542
2540, 2541
2540, 2542
2544, 2545
2543, 2544
2543, 2545
2548, 2546
2547, 2548
2547, 2546
2550, 2551
2549, 2550
2549, 2551
2553, 2554
2552, 2553
2552, 2554
2556, 2555
2559, 2557
2558, 2559
2558, 2557
2561, 2560
2563, 2562
2565, 2564
2567, 2566
2569, 2568
2571, 2570
2572, 2573
2575, 2574
2577, 2578
2576, 2577
2576, 2578
2580, 2581
2579, 2580
2579, 2581
2583, 2582
2585, 2584
2587, 2586
2589, 2588
2591, 2592
2590, 2591
2590, 2592
2594, 2595
2593, 2594
2593, 2595
2597, 2596
2600, 2598
2599, 2600
2601, 2602
2604, 2605
2603, 2604
2603, 2605
2607, 2606
2609, 2610
2608, 2609
2612, 2611
2613, 2612
2614, 2615
2616, 2617
2620, 2618
2619, 2620
2619, 2618
2622, 2623
2621, 2622
2625, 2624
2627, 2626
2628, 2627
2628, 2626
2630, 2629
2632, 2633
2631, 2632
2635, 2636
2634, 2635
2634, 2636
2638, 2639
2637, 2638
2641, 2640
2643, 2644
2642, 2643
2645, 2646
2648, 2649
2647, 2648
2651, 2650
2653, 2652
2655, 2654
2656, 2655
2656, 2654
2657, 2658
2660, 2659
2662, 2663
2661, 2662
2665, 2666
2664, 2665
2664, 2666
2668, 2669
2667, 2668
2667, 2669
2671, 2672
2670, 2671
2674, 2673
2675, 2674
2675, 2673
2677, 2678
2676, 2677
2676, 2678
2680, 2681
2679, 2680
2684, 2682
2683, 2684
2683, 2682
2685, 2686
2688, 2689
2687, 2688
2687, 2689
2691, 2692
2690, 2691
2694, 2695
2693, 2694
2697, 2698
2696, 2697
2700, 2701
2699, 2700
2704, 2705
2703, 2704
2703, 2705
2702, 2703
2706, 2708
2707, 2706
2710, 2711
2709, 2710
2712, 2713
2715, 2716
2714, 2715
2718, 2717
2720, 2721
2719, 2720
2723, 2724
2722, 2723
2726, 2727
2725, 2726
2729, 2730
2728, 2729
2732, 2733
2731, 2732
2735, 2736
2734, 2735
2738, 2739
2737, 2738
2742, 2740
2741, 2742
2741, 2740
2744, 2743
2747, 2745
2746, 2747
2746, 2745
2750, 2748
2749, 2750
2749, 2748
2752, 2753
2751, 2752
2751, 2753
2755, 2756
2754, 2755
2754, 2756
2758, 2759
2757, 2758
2757, 2759
2761, 2762
2760, 2761
2764, 2765
2763, 2764
2763, 2765
2767, 2768
2766, 2767
2769, 2770
2772, 2773
2771, 2772
2774, 2775
2777, 2778
2776, 2777
2776, 2778
2780, 2781
2779, 2780
2783, 2784
2782, 2783
2786, 2785
2787, 2786
2787, 2785
2789, 2790
2788, 2789
2792, 2791
2794, 2795
2793, 2794
2793, 2795
2797, 2798
2796, 2797
2799, 2800
2801, 2802
2805, 2803
2804, 2805
2804, 2803
2808, 2806
2807, 2808
2807, 2806
2810, 2811
2809, 2810
2814, 2812
2813, 2814
2813, 2812
2816, 2817
2815, 2816
2815, 2817
2820, 2821
2819, 2820
2819, 2821
2818, 2819
2823, 2824
2822, 2823
2826, 2827
2825, 2826
2825, 2827
2829, 2830
2828, 2829
2828, 2830
2832, 2831
2834, 2835
2833, 2834
2833, 2835
2837, 2838
2836, 2837
2841, 2839
2840, 2841
2840, 2839
2843, 2842
2845, 2846
2844, 2845
2844, 2846
2848, 2849
2847, 2848
2847, 2849
2852, 2850
2851, 2852
2851, 2850
2853, 2854
2857, 2855
2856, 2857
2856, 2855
2859, 2858
2861, 2862
2860, 2861
2860, 2862
2864, 2865
2863, 2864
2863, 2865
2868, 2866
2867, 2868
2867, 2866
2870, 2871
2869, 2870
2869, 2871
2874, 2872
2873, 2874
2873, 2872
2875, 2876
2878, 2877
2881, 2879
2880, 2881
2880, 2879
2884, 2882
2883, 2884
2883, 2882
2886, 2887
2885, 2886
2885, 2887
2888, 2889
2891, 2892
2890, 2891
2890, 2892
2894, 2895
2893, 2894
2893, 2895
2897, 2898
2896, 2897
2896, 2898
2900, 2901
2899, 2900
2899, 2901
2902, 2903
2905, 2906
2904, 2905
2904, 2906
2908, 2907
2909, 2908
2909, 2907
2911, 2912
2910, 2911
2910, 2912
2914, 2913
2916, 2915
2917, 2918
2920, 2919
2922, 2921
2924, 2925
2923, 2924
2923, 2925
2928, 2926
2927, 2928
2927, 2926
2931, 2929
2930, 2931
2930, 2929
2933, 2934
2932, 2933
2932, 2934
2936, 2937
2935, 2936
2935, 2937
2939, 2940
2938, 2939
2938, 2940
2942, 2943
2941, 2942
2941, 2943
2945, 2946
2944, 2945
2944, 2946
2948, 2949
2947, 2948
2947, 2949
2951, 2952
2950, 2951
2950, 2952
2955, 2953
2954, 2955
2954, 2953
2956, 2957
2959, 2960
2958, 2959
2958, 2960
2962, 2963
2961, 2962
2961, 2963
2965, 2964
2967, 2966
2969, 2968
2970, 2969
2970, 2968
2972, 2973
2971, 2972
2971, 2973
2975, 2974
2977, 2976
2978, 2977
2978, 2976
2981, 2979
2980, 2981
2980, 2979
2983, 2984
2982, 2983
2982, 2984